0,
4,
8,
12,
16,
20,
24,
28,
32,
36,
40,
45,
49,
53,
57,
61,
65,
69,
73,
77,
81,
85,
90,
94,
98,
102,
106,
110,
114,
118,
122,
126,
131,
135,
139,
143,
147,
151,
155,
159,
163,
167,
171,
176,
180,
184,
188,
192,
196,
200,
204,
208,
212,
217,
221,
225,
229,
233,
237,
241,
245,
249,
253,
257,
262,
266,
270,
274,
278,
282,
286,
290,
294,
298,
303,
307,
311,
315,
319,
323,
327,
331,
335,
339,
343,
348,
352,
356,
360,
364,
368,
372,
376,
380,
384,
389,
393,
397,
401,
405,
409,
413,
417,
421,
425,
429,
434,
438,
442,
446,
450,
454,
458,
462,
466,
470,
475,
479,
483,
487,
491,
495,
499,
503,
507,
511,
515,
520,
524,
528,
532,
536,
540,
544,
548,
552,
556,
561,
565,
569,
573,
577,
581,
585,
589,
593,
597,
601,
606,
610,
614,
618,
622,
626,
630,
634,
638,
642,
647,
651,
655,
659,
663,
667,
671,
675,
679,
683,
687,
692,
696,
700,
704,
708,
712,
716,
720,
724,
728,
733,
737,
741,
745,
749,
753,
757,
761,
765,
769,
773,
778,
782,
786,
790,
794,
798,
802,
806,
810,
814,
819,
823,
827,
831,
835,
839,
843,
847,
851,
855,
859,
864,
868,
872,
876,
880,
884,
888,
892,
896,
900,
904,
909,
913,
917,
921,
925,
929,
933,
937,
941,
945,
950,
954,
958,
962,
966,
970,
974,
978,
982,
986,
990,
995,
999,
1003,
1007,
1011,
1015,
1019,
1023,
1027,
1031,
1036,
1040,
1044,
1048,
1052,
1056,
1060,
1064,
1068,
1072,
1076,
1081,
1085,
1089,
1093,
1097,
1101,
1105,
1109,
1113,
1117,
1122,
1126,
1130,
1134,
1138,
1142,
1146,
1150,
1154,
1158,
1162,
1167,
1171,
1175,
1179,
1183,
1187,
1191,
1195,
1199,
1203,
1208,
1212,
1216,
1220,
1224,
1228,
1232,
1236,
1240,
1244,
1248,
1253,
1257,
1261,
1265,
1269,
1273,
1277,
1281,
1285,
1289,
1294,
1298,
1302,
1306,
1310,
1314,
1318,
1322,
1326,
1330,
1334,
1339,
1343,
1347,
1351,
1355,
1359,
1363,
1367,
1371,
1375,
1380,
1384,
1388,
1392,
1396,
1400,
1404,
1408,
1412,
1416,
1420,
1425,
1429,
1433,
1437,
1441,
1445,
1449,
1453,
1457,
1461,
1466,
1470,
1474,
1478,
1482,
1486,
1490,
1494,
1498,
1502,
1506,
1511,
1515,
1519,
1523,
1527,
1531,
1535,
1539,
1543,
1547,
1552,
1556,
1560,
1564,
1568,
1572,
1576,
1580,
1584,
1588,
1592,
1597,
1601,
1605,
1609,
1613,
1617,
1621,
1625,
1629,
1633,
1638,
1642,
1646,
1650,
1654,
1658,
1662,
1666,
1670,
1674,
1678,
1683,
1687,
1691,
1695,
1699,
1703,
1707,
1711,
1715,
1719,
1723,
1728,
1732,
1736,
1740,
1744,
1748,
1752,
1756,
1760,
1764,
1769,
1773,
1777,
1781,
1785,
1789,
1793,
1797,
1801,
1805,
1809,
1814,
1818,
1822,
1826,
1830,
1834,
1838,
1842,
1846,
1850,
1855,
1859,
1863,
1867,
1871,
1875,
1879,
1883,
1887,
1891,
1895,
1900,
1904,
1908,
1912,
1916,
1920,
1924,
1928,
1932,
1936,
1941,
1945,
1949,
1953,
1957,
1961,
1965,
1969,
1973,
1977,
1981,
1986,
1990,
1994,
1998,
2002,
2006,
2010,
2014,
2018,
2022,
2027,
2031,
2035,
2039,
2043,
2047,
2051,
2055,
2059,
2063,
2067,
2072,
2076,
2080,
2084,
2088,
2092,
2096,
2100,
2104,
2108,
2113,
2117,
2121,
2125,
2129,
2133,
2137,
2141,
2145,
2149,
2153,
2158,
2162,
2166,
2170,
2174,
2178,
2182,
2186,
2190,
2194,
2199,
2203,
2207,
2211,
2215,
2219,
2223,
2227,
2231,
2235,
2239,
2244,
2248,
2252,
2256,
2260,
2264,
2268,
2272,
2276,
2280,
2285,
2289,
2293,
2297,
2301,
2305,
2309,
2313,
2317,
2321,
2325,
2330,
2334,
2338,
2342,
2346,
2350,
2354,
2358,
2362,
2366,
2371,
2375,
2379,
2383,
2387,
2391,
2395,
2399,
2403,
2407,
2411,
2416,
2420,
2424,
2428,
2432,
2436,
2440,
2444,
2448,
2452,
2457,
2461,
2465,
2469,
2473,
2477,
2481,
2485,
2489,
2493,
2497,
2502,
2506,
2510,
2514,
2518,
2522,
2526,
2530,
2534,
2538,
2542,
2547,
2551,
2555,
2559,
2563,
2567,
2571,
2575,
2579,
2583,
2588,
2592,
2596,
2600,
2604,
2608,
2612,
2616,
2620,
2624,
2628,
2633,
2637,
2641,
2645,
2649,
2653,
2657,
2661,
2665,
2669,
2674,
2678,
2682,
2686,
2690,
2694,
2698,
2702,
2706,
2710,
2714,
2719,
2723,
2727,
2731,
2735,
2739,
2743,
2747,
2751,
2755,
2760,
2764,
2768,
2772,
2776,
2780,
2784,
2788,
2792,
2796,
2800,
2805,
2809,
2813,
2817,
2821,
2825,
2829,
2833,
2837,
2841,
2846,
2850,
2854,
2858,
2862,
2866,
2870,
2874,
2878,
2882,
2886,
2891,
2895,
2899,
2903,
2907,
2911,
2915,
2919,
2923,
2927,
2932,
2936,
2940,
2944,
2948,
2952,
2956,
2960,
2964,
2968,
2972,
2977,
2981,
2985,
2989,
2993,
2997,
3001,
3005,
3009,
3013,
3018,
3022,
3026,
3030,
3034,
3038,
3042,
3046,
3050,
3054,
3058,
3063,
3067,
3071,
3075,
3079,
3083,
3087,
3091,
3095,
3099,
3104,
3108,
3112,
3116,
3120,
3124,
3128,
3132,
3136,
3140,
3144,
3149,
3153,
3157,
3161,
3165,
3169,
3173,
3177,
3181,
3185,
3190,
3194,
3198,
3202,
3206,
3210,
3214,
3218,
3222,
3226,
3230,
3235,
3239,
3243,
3247,
3251,
3255,
3259,
3263,
3267,
3271,
3276,
3280,
3284,
3288,
3292,
3296,
3300,
3304,
3308,
3312,
3316,
3321,
3325,
3329,
3333,
3337,
3341,
3345,
3349,
3353,
3357,
3361,
3366,
3370,
3374,
3378,
3382,
3386,
3390,
3394,
3398,
3402,
3407,
3411,
3415,
3419,
3423,
3427,
3431,
3435,
3439,
3443,
3447,
3452,
3456,
3460,
3464,
3468,
3472,
3476,
3480,
3484,
3488,
3493,
3497,
3501,
3505,
3509,
3513,
3517,
3521,
3525,
3529,
3533,
3538,
3542,
3546,
3550,
3554,
3558,
3562,
3566,
3570,
3574,
3579,
3583,
3587,
3591,
3595,
3599,
3603,
3607,
3611,
3615,
3619,
3624,
3628,
3632,
3636,
3640,
3644,
3648,
3652,
3656,
3660,
3665,
3669,
3673,
3677,
3681,
3685,
3689,
3693,
3697,
3701,
3705,
3710,
3714,
3718,
3722,
3726,
3730,
3734,
3738,
3742,
3746,
3751,
3755,
3759,
3763,
3767,
3771,
3775,
3779,
3783,
3787,
3791,
3796,
3800,
3804,
3808,
3812,
3816,
3820,
3824,
3828,
3832,
3837,
3841,
3845,
3849,
3853,
3857,
3861,
3865,
3869,
3873,
3877,
3882,
3886,
3890,
3894,
3898,
3902,
3906,
3910,
3914,
3918,
3923,
3927,
3931,
3935,
3939,
3943,
3947,
3951,
3955,
3959,
3963,
3968,
3972,
3976,
3980,
3984,
3988,
3992,
3996,
4000,
4004,
4009,
4013,
4017,
4021,
4025,
4029,
4033,
4037,
4041,
4045,
4049,
4054,
4058,
4062,
4066,
4070,
4074,
4078,
4082,
4086,
4090,
