0.000000,
0.006284,
0.012568,
0.018851,
0.025133,
0.031415,
0.037695,
0.043974,
0.050251,
0.056526,
0.062799,
0.069069,
0.075337,
0.081601,
0.087863,
0.094120,
0.100375,
0.106625,
0.112871,
0.119113,
0.125349,
0.131581,
0.137808,
0.144029,
0.150245,
0.156455,
0.162658,
0.168855,
0.175046,
0.181229,
0.187405,
0.193574,
0.199736,
0.205889,
0.212034,
0.218171,
0.224299,
0.230419,
0.236529,
0.242630,
0.248721,
0.254803,
0.260875,
0.266936,
0.272986,
0.279026,
0.285055,
0.291073,
0.297079,
0.303073,
0.309056,
0.315026,
0.320984,
0.326929,
0.332861,
0.338780,
0.344686,
0.350578,
0.356456,
0.362320,
0.368170,
0.374005,
0.379826,
0.385631,
0.391422,
0.397196,
0.402956,
0.408699,
0.414426,
0.420137,
0.425831,
0.431508,
0.437169,
0.442812,
0.448437,
0.454045,
0.459635,
0.465207,
0.470760,
0.476295,
0.481811,
0.487308,
0.492785,
0.498244,
0.503682,
0.509101,
0.514500,
0.519878,
0.525236,
0.530573,
0.535889,
0.541184,
0.546457,
0.551709,
0.556939,
0.562147,
0.567333,
0.572497,
0.577638,
0.582756,
0.587851,
0.592923,
0.597972,
0.602996,
0.607998,
0.612975,
0.617928,
0.622856,
0.627760,
0.632639,
0.637493,
0.642322,
0.647126,
0.651904,
0.656656,
0.661382,
0.666082,
0.670756,
0.675404,
0.680024,
0.684618,
0.689185,
0.693725,
0.698237,
0.702722,
0.707179,
0.711608,
0.716009,
0.720381,
0.724726,
0.729041,
0.733328,
0.737586,
0.741814,
0.746014,
0.750184,
0.754324,
0.758435,
0.762515,
0.766566,
0.770586,
0.774576,
0.778535,
0.782463,
0.786361,
0.790227,
0.794063,
0.797867,
0.801639,
0.805380,
0.809089,
0.812766,
0.816411,
0.820023,
0.823604,
0.827152,
0.830667,
0.834149,
0.837598,
0.841015,
0.844398,
0.847748,
0.851064,
0.854346,
0.857595,
0.860810,
0.863992,
0.867138,
0.870251,
0.873330,
0.876373,
0.879383,
0.882357,
0.885297,
0.888202,
0.891071,
0.893906,
0.896705,
0.899469,
0.902197,
0.904889,
0.907546,
0.910167,
0.912753,
0.915302,
0.917814,
0.920291,
0.922731,
0.925135,
0.927503,
0.929833,
0.932127,
0.934385,
0.936605,
0.938788,
0.940935,
0.943044,
0.945116,
0.947150,
0.949147,
0.951107,
0.953029,
0.954913,
0.956760,
0.958569,
0.960340,
0.962073,
0.963769,
0.965426,
0.967045,
0.968626,
0.970168,
0.971673,
0.973138,
0.974566,
0.975955,
0.977305,
0.978617,
0.979891,
0.981125,
0.982321,
0.983478,
0.984596,
0.985675,
0.986716,
0.987717,
0.988679,
0.989603,
0.990487,
0.991332,
0.992138,
0.992905,
0.993633,
0.994321,
0.994970,
0.995580,
0.996150,
0.996682,
0.997173,
0.997626,
0.998039,
0.998413,
0.998747,
0.999042,
0.999297,
0.999513,
0.999689,
0.999826,
0.999924,
0.999982,
1.000000,
0.999979,
0.999918,
0.999818,
0.999679,
0.999500,
0.999282,
0.999024,
0.998726,
0.998390,
0.998013,
0.997598,
0.997143,
0.996648,
0.996115,
0.995542,
0.994929,
0.994278,
0.993587,
0.992856,
0.992087,
0.991279,
0.990431,
0.989544,
0.988618,
0.987653,
0.986649,
0.985606,
0.984525,
0.983404,
0.982244,
0.981046,
0.979809,
0.978533,
0.977219,
0.975866,
0.974475,
0.973045,
0.971576,
0.970069,
0.968524,
0.966941,
0.965320,
0.963660,
0.961962,
0.960227,
0.958453,
0.956642,
0.954792,
0.952905,
0.950981,
0.949019,
0.947019,
0.944982,
0.942908,
0.940797,
0.938648,
0.936462,
0.934239,
0.931980,
0.929683,
0.927350,
0.924981,
0.922574,
0.920132,
0.917653,
0.915137,
0.912586,
0.909999,
0.907375,
0.904716,
0.902021,
0.899291,
0.896524,
0.893723,
0.890886,
0.888014,
0.885107,
0.882165,
0.879189,
0.876177,
0.873131,
0.870050,
0.866936,
0.863786,
0.860603,
0.857386,
0.854135,
0.850850,
0.847531,
0.844179,
0.840794,
0.837376,
0.833924,
0.830440,
0.826923,
0.823373,
0.819790,
0.816175,
0.812528,
0.808849,
0.805138,
0.801395,
0.797621,
0.793815,
0.789978,
0.786109,
0.782210,
0.778279,
0.774318,
0.770326,
0.766304,
0.762252,
0.758169,
0.754057,
0.749914,
0.745743,
0.741541,
0.737311,
0.733051,
0.728762,
0.724445,
0.720099,
0.715724,
0.711322,
0.706891,
0.702432,
0.697945,
0.693431,
0.688890,
0.684321,
0.679726,
0.675103,
0.670454,
0.665778,
0.661077,
0.656349,
0.651595,
0.646815,
0.642010,
0.637179,
0.632323,
0.627443,
0.622537,
0.617607,
0.612653,
0.607674,
0.602671,
0.597645,
0.592595,
0.587522,
0.582425,
0.577305,
0.572163,
0.566998,
0.561810,
0.556601,
0.551369,
0.546116,
0.540841,
0.535545,
0.530227,
0.524889,
0.519530,
0.514150,
0.508750,
0.503330,
0.497891,
0.492431,
0.486952,
0.481454,
0.475937,
0.470401,
0.464846,
0.459273,
0.453682,
0.448073,
0.442446,
0.436802,
0.431141,
0.425462,
0.419767,
0.414055,
0.408327,
0.402583,
0.396823,
0.391047,
0.385255,
0.379449,
0.373627,
0.367791,
0.361940,
0.356075,
0.350196,
0.344303,
0.338397,
0.332477,
0.326544,
0.320598,
0.314639,
0.308668,
0.302685,
0.296690,
0.290683,
0.284665,
0.278635,
0.272595,
0.266543,
0.260481,
0.254409,
0.248327,
0.242235,
0.236133,
0.230022,
0.223902,
0.217774,
0.211636,
0.205490,
0.199336,
0.193175,
0.187005,
0.180828,
0.174644,
0.168454,
0.162256,
0.156052,
0.149842,
0.143626,
0.137405,
0.131178,
0.124945,
0.118708,
0.112466,
0.106220,
0.099969,
0.093715,
0.087457,
0.081195,
0.074930,
0.068663,
0.062392,
0.056119,
0.049844,
0.043567,
0.037288,
0.031008,
0.024726,
0.018444,
0.012160,
0.005877,
-0.000407,
-0.006691,
-0.012975,
-0.019258,
-0.025541,
-0.031822,
-0.038102,
-0.044381,
-0.050658,
-0.056933,
-0.063205,
-0.069475,
-0.075743,
-0.082007,
-0.088268,
-0.094526,
-0.100780,
-0.107030,
-0.113276,
-0.119517,
-0.125754,
-0.131985,
-0.138211,
-0.144432,
-0.150648,
-0.156857,
-0.163060,
-0.169257,
-0.175447,
-0.181630,
-0.187805,
-0.193974,
-0.200135,
-0.206288,
-0.212432,
-0.218569,
-0.224696,
-0.230815,
-0.236925,
-0.243025,
-0.249116,
-0.255197,
-0.261268,
-0.267328,
-0.273378,
-0.279417,
-0.285446,
-0.291462,
-0.297468,
-0.303461,
-0.309443,
-0.315413,
-0.321369,
-0.327314,
-0.333245,
-0.339163,
-0.345068,
-0.350959,
-0.356837,
-0.362700,
-0.368549,
-0.374383,
-0.380203,
-0.386007,
-0.391796,
-0.397570,
-0.403328,
-0.409071,
-0.414797,
-0.420506,
-0.426199,
-0.431876,
-0.437535,
-0.443177,
-0.448801,
-0.454408,
-0.459997,
-0.465567,
-0.471119,
-0.476653,
-0.482168,
-0.487663,
-0.493140,
-0.498597,
-0.504034,
-0.509452,
-0.514849,
-0.520226,
-0.525582,
-0.530918,
-0.536233,
-0.541526,
-0.546798,
-0.552049,
-0.557277,
-0.562484,
-0.567669,
-0.572831,
-0.577970,
-0.583087,
-0.588181,
-0.593251,
-0.598298,
-0.603321,
-0.608321,
-0.613296,
-0.618248,
-0.623175,
-0.628077,
-0.632954,
-0.637807,
-0.642634,
-0.647436,
-0.652212,
-0.656963,
-0.661688,
-0.666386,
-0.671058,
-0.675704,
-0.680323,
-0.684915,
-0.689480,
-0.694018,
-0.698529,
-0.703012,
-0.707467,
-0.711894,
-0.716293,
-0.720664,
-0.725006,
-0.729320,
-0.733605,
-0.737861,
-0.742088,
-0.746285,
-0.750453,
-0.754591,
-0.758700,
-0.762779,
-0.766827,
-0.770845,
-0.774833,
-0.778790,
-0.782717,
-0.786612,
-0.790477,
-0.794310,
-0.798112,
-0.801883,
-0.805621,
-0.809328,
-0.813003,
-0.816646,
-0.820257,
-0.823835,
-0.827380,
-0.830893,
-0.834374,
-0.837821,
-0.841235,
-0.844616,
-0.847963,
-0.851278,
-0.854558,
-0.857805,
-0.861018,
-0.864197,
-0.867341,
-0.870452,
-0.873528,
-0.876570,
-0.879577,
-0.882549,
-0.885486,
-0.888389,
-0.891256,
-0.894088,
-0.896885,
-0.899647,
-0.902372,
-0.905063,
-0.907717,
-0.910336,
-0.912919,
-0.915466,
-0.917976,
-0.920450,
-0.922888,
-0.925290,
-0.927655,
-0.929983,
-0.932275,
-0.934530,
-0.936748,
-0.938929,
-0.941072,
-0.943179,
-0.945249,
-0.947281,
-0.949275,
-0.951233,
-0.953152,
-0.955034,
-0.956879,
-0.958685,
-0.960454,
-0.962185,
-0.963877,
-0.965532,
-0.967148,
-0.968727,
-0.970267,
-0.971769,
-0.973232,
-0.974657,
-0.976044,
-0.977392,
-0.978701,
-0.979972,
-0.981204,
-0.982397,
-0.983551,
-0.984667,
-0.985744,
-0.986782,
-0.987781,
-0.988740,
-0.989661,
-0.990543,
-0.991386,
-0.992189,
-0.992953,
-0.993678,
-0.994364,
-0.995011,
-0.995618,
-0.996186,
-0.996715,
-0.997204,
-0.997654,
-0.998064,
-0.998435,
-0.998767,
-0.999059,
-0.999312,
-0.999525,
-0.999699,
-0.999834,
-0.999929,
-0.999984,
-1.000000,
-0.999976,
-0.999913,
-0.999811,
-0.999669,
-0.999487,
-0.999266,
-0.999006,
-0.998706,
-0.998366,
-0.997988,
-0.997569,
-0.997112,
-0.996615,
-0.996079,
-0.995503,
-0.994888,
-0.994234,
-0.993541,
-0.992808,
-0.992036,
-0.991225,
-0.990375,
-0.989485,
-0.988557,
-0.987589,
-0.986583,
-0.985538,
-0.984453,
-0.983330,
-0.982168,
-0.980967,
-0.979728,
-0.978449,
-0.977133,
-0.975777,
-0.974383,
-0.972951,
-0.971480,
-0.969970,
-0.968423,
-0.966837,
-0.965213,
-0.963551,
-0.961851,
-0.960113,
-0.958337,
-0.956523,
-0.954671,
-0.952782,
-0.950855,
-0.948890,
-0.946888,
-0.944849,
-0.942772,
-0.940658,
-0.938507,
-0.936319,
-0.934094,
-0.931832,
-0.929533,
-0.927198,
-0.924826,
-0.922417,
-0.919972,
-0.917491,
-0.914973,
-0.912419,
-0.909830,
-0.907204,
-0.904542,
-0.901845,
-0.899112,
-0.896344,
-0.893540,
-0.890701,
-0.887827,
-0.884918,
-0.881974,
-0.878994,
-0.875981,
-0.872932,
-0.869850,
-0.866732,
-0.863581,
-0.860396,
-0.857176,
-0.853923,
-0.850636,
-0.847315,
-0.843961,
-0.840574,
-0.837153,
-0.833699,
-0.830213,
-0.826693,
-0.823141,
-0.819557,
-0.815940,
-0.812291,
-0.808610,
-0.804897,
-0.801152,
-0.797375,
-0.793567,
-0.789728,
-0.785857,
-0.781956,
-0.778023,
-0.774060,
-0.770066,
-0.766042,
-0.761988,
-0.757903,
-0.753789,
-0.749645,
-0.745471,
-0.741268,
-0.737035,
-0.732774,
-0.728483,
-0.724164,
-0.719816,
-0.715440,
-0.711035,
-0.706603,
-0.702142,
-0.697654,
-0.693138,
-0.688595,
-0.684024,
-0.679427,
-0.674803,
-0.670152,
-0.665474,
-0.660771,
-0.656041,
-0.651286,
-0.646504,
-0.641697,
-0.636865,
-0.632008,
-0.627125,
-0.622218,
-0.617287,
-0.612331,
-0.607351,
-0.602346,
-0.597318,
-0.592267,
-0.587192,
-0.582094,
-0.576973,
-0.571829,
-0.566662,
-0.561473,
-0.556262,
-0.551029,
-0.545775,
-0.540498,
-0.535201,
-0.529882,
-0.524542,
-0.519182,
-0.513801,
-0.508400,
-0.502978,
-0.497537,
-0.492076,
-0.486596,
-0.481097,
-0.475578,
-0.470041,
-0.464485,
-0.458911,
-0.453319,
-0.447709,
-0.442081,
-0.436436,
-0.430773,
-0.425094,
-0.419397,
-0.413684,
-0.407955,
-0.402210,
-0.396449,
-0.390672,
-0.384880,
-0.379072,
-0.373250,
-0.367412,
-0.361561,
-0.355695,
-0.349815,
-0.343921,
-0.338013,
-0.332093,
-0.326159,
-0.320212,
-0.314253,
-0.308281,
-0.302297,
-0.296301,
-0.290293,
-0.284274,
-0.278244,
-0.272203,
-0.266151,
-0.260088,
-0.254015,
-0.247932,
-0.241840,
-0.235737,
-0.229626,
-0.223505,
-0.217376,
-0.211238,
-0.205092,
-0.198937,
-0.192775,
-0.186605,
-0.180428,
-0.174243,
-0.168052,
-0.161854,
-0.155650,
-0.149439,
-0.143223,
-0.137001,
-0.130774,
-0.124541,
-0.118304,
-0.112061,
-0.105815,
-0.099564,
-0.093309,
-0.087051,
-0.080789,
-0.074524,
-0.068256,
-0.061986,
-0.055712,
-0.049437,
-0.043160,
-0.036881,
-0.030601,
-0.024319,
-0.018036,
-0.011753,
-0.005469,
