2047,
2060,
2073,
2086,
2098,
2111,
2124,
2137,
2150,
2163,
2176,
2188,
2201,
2214,
2227,
2240,
2253,
2265,
2278,
2291,
2304,
2316,
2329,
2342,
2355,
2367,
2380,
2393,
2405,
2418,
2431,
2443,
2456,
2469,
2481,
2494,
2506,
2519,
2531,
2544,
2556,
2569,
2581,
2594,
2606,
2618,
2631,
2643,
2655,
2668,
2680,
2692,
2704,
2716,
2729,
2741,
2753,
2765,
2777,
2789,
2801,
2813,
2825,
2837,
2848,
2860,
2872,
2884,
2896,
2907,
2919,
2931,
2942,
2954,
2965,
2977,
2988,
3000,
3011,
3022,
3034,
3045,
3056,
3067,
3078,
3089,
3100,
3111,
3122,
3133,
3144,
3155,
3166,
3177,
3187,
3198,
3209,
3219,
3230,
3240,
3251,
3261,
3271,
3282,
3292,
3302,
3312,
3322,
3332,
3342,
3352,
3362,
3372,
3382,
3392,
3401,
3411,
3420,
3430,
3439,
3449,
3458,
3467,
3477,
3486,
3495,
3504,
3513,
3522,
3531,
3540,
3548,
3557,
3566,
3574,
3583,
3591,
3600,
3608,
3617,
3625,
3633,
3641,
3649,
3657,
3665,
3673,
3681,
3688,
3696,
3704,
3711,
3719,
3726,
3733,
3741,
3748,
3755,
3762,
3769,
3776,
3783,
3790,
3796,
3803,
3810,
3816,
3822,
3829,
3835,
3841,
3848,
3854,
3860,
3866,
3871,
3877,
3883,
3889,
3894,
3900,
3905,
3911,
3916,
3921,
3926,
3931,
3936,
3941,
3946,
3951,
3956,
3960,
3965,
3969,
3974,
3978,
3982,
3986,
3990,
3994,
3998,
4002,
4006,
4010,
4013,
4017,
4020,
4024,
4027,
4030,
4033,
4036,
4040,
4042,
4045,
4048,
4051,
4053,
4056,
4058,
4061,
4063,
4065,
4067,
4069,
4071,
4073,
4075,
4077,
4078,
4080,
4081,
4083,
4084,
4085,
4087,
4088,
4089,
4090,
4090,
4091,
4092,
4093,
4093,
4094,
4094,
4094,
4094,
4094,
4094,
4094,
4094,
4094,
4094,
4093,
4093,
4093,
4092,
4091,
4090,
4090,
4089,
4088,
4087,
4085,
4084,
4083,
4081,
4080,
4078,
4077,
4075,
4073,
4071,
4069,
4067,
4065,
4063,
4061,
4058,
4056,
4053,
4051,
4048,
4045,
4042,
4039,
4036,
4033,
4030,
4027,
4023,
4020,
4017,
4013,
4009,
4006,
4002,
3998,
3994,
3990,
3986,
3982,
3978,
3973,
3969,
3964,
3960,
3955,
3951,
3946,
3941,
3936,
3931,
3926,
3921,
3916,
3910,
3905,
3899,
3894,
3888,
3883,
3877,
3871,
3865,
3859,
3853,
3847,
3841,
3835,
3828,
3822,
3816,
3809,
3802,
3796,
3789,
3782,
3775,
3769,
3762,
3754,
3747,
3740,
3733,
3726,
3718,
3711,
3703,
3696,
3688,
3680,
3672,
3664,
3657,
3649,
3641,
3632,
3624,
3616,
3608,
3599,
3591,
3582,
3574,
3565,
3557,
3548,
3539,
3530,
3521,
3512,
3503,
3494,
3485,
3476,
3467,
3458,
3448,
3439,
3429,
3420,
3410,
3401,
3391,
3381,
3371,
3362,
3352,
3342,
3332,
3322,
3312,
3301,
3291,
3281,
3271,
3260,
3250,
3240,
3229,
3219,
3208,
3197,
3187,
3176,
3165,
3154,
3144,
3133,
3122,
3111,
3100,
3089,
3078,
3066,
3055,
3044,
3033,
3021,
3010,
2999,
2987,
2976,
2964,
2953,
2941,
2930,
2918,
2906,
2895,
2883,
2871,
2859,
2848,
2836,
2824,
2812,
2800,
2788,
2776,
2764,
2752,
2740,
2728,
2716,
2703,
2691,
2679,
2667,
2654,
2642,
2630,
2618,
2605,
2593,
2580,
2568,
2555,
2543,
2530,
2518,
2505,
2493,
2480,
2468,
2455,
2443,
2430,
2417,
2405,
2392,
2379,
2367,
2354,
2341,
2328,
2316,
2303,
2290,
2277,
2264,
2252,
2239,
2226,
2213,
2200,
2188,
2175,
2162,
2149,
2136,
2123,
2110,
2098,
2085,
2072,
2059,
2046,
2033,
2020,
2008,
1995,
1982,
1969,
1956,
1943,
1930,
1918,
1905,
1892,
1879,
1866,
1853,
1841,
1828,
1815,
1802,
1790,
1777,
1764,
1751,
1739,
1726,
1713,
1700,
1688,
1675,
1662,
1650,
1637,
1625,
1612,
1599,
1587,
1574,
1562,
1549,
1537,
1524,
1512,
1500,
1487,
1475,
1463,
1450,
1438,
1426,
1413,
1401,
1389,
1377,
1365,
1353,
1340,
1328,
1316,
1304,
1292,
1280,
1269,
1257,
1245,
1233,
1221,
1209,
1198,
1186,
1174,
1163,
1151,
1140,
1128,
1117,
1105,
1094,
1082,
1071,
1060,
1049,
1037,
1026,
1015,
1004,
993,
982,
971,
960,
949,
938,
927,
917,
906,
895,
885,
874,
864,
853,
843,
832,
822,
812,
801,
791,
781,
771,
761,
751,
741,
731,
721,
712,
702,
692,
683,
673,
663,
654,
645,
635,
626,
617,
608,
598,
589,
580,
571,
563,
554,
545,
536,
528,
519,
510,
502,
494,
485,
477,
469,
461,
452,
444,
436,
428,
421,
413,
405,
397,
390,
382,
375,
368,
360,
353,
346,
339,
332,
325,
318,
311,
304,
297,
291,
284,
278,
271,
265,
258,
252,
246,
240,
234,
228,
222,
216,
211,
205,
199,
194,
188,
183,
178,
173,
167,
162,
157,
152,
148,
143,
138,
134,
129,
125,
120,
116,
112,
107,
103,
99,
95,
92,
88,
84,
80,
77,
73,
70,
67,
64,
60,
57,
54,
51,
49,
46,
43,
41,
38,
36,
33,
31,
29,
27,
25,
23,
21,
19,
17,
15,
14,
12,
11,
10,
8,
7,
6,
5,
4,
3,
3,
2,
1,
1,
0,
0,
0,
0,
0,
0,
0,
0,
0,
0,
1,
1,
2,
2,
3,
4,
4,
5,
6,
8,
9,
10,
11,
13,
14,
16,
17,
19,
21,
23,
25,
27,
29,
31,
34,
36,
38,
41,
44,
46,
49,
52,
55,
58,
61,
64,
67,
71,
74,
78,
81,
85,
89,
92,
96,
100,
104,
108,
112,
117,
121,
125,
130,
134,
139,
144,
149,
153,
158,
163,
168,
174,
179,
184,
189,
195,
200,
206,
212,
217,
223,
229,
235,
241,
247,
253,
260,
266,
272,
279,
285,
292,
299,
305,
312,
319,
326,
333,
340,
347,
354,
362,
369,
376,
384,
391,
399,
407,
414,
422,
430,
438,
446,
454,
462,
470,
479,
487,
495,
504,
512,
521,
529,
538,
547,
555,
564,
573,
582,
591,
600,
609,
619,
628,
637,
646,
656,
665,
675,
684,
694,
704,
713,
723,
733,
743,
753,
763,
773,
783,
793,
803,
814,
824,
834,
845,
855,
866,
876,
887,
897,
908,
919,
930,
940,
951,
962,
973,
984,
995,
1006,
1017,
1028,
1039,
1051,
1062,
1073,
1085,
1096,
1107,
1119,
1130,
1142,
1153,
1165,
1177,
1188,
1200,
1212,
1223,
1235,
1247,
1259,
1271,
1283,
1295,
1307,
1319,
1331,
1343,
1355,
1367,
1379,
1391,
1404,
1416,
1428,
1440,
1453,
1465,
1477,
1490,
1502,
1514,
1527,
1539,
1552,
1564,
1577,
1589,
1602,
1614,
1627,
1640,
1652,
1665,
1678,
1690,
1703,
1716,
1728,
1741,
1754,
1766,
1779,
1792,
1805,
1818,
1830,
1843,
1856,
1869,
1882,
1894,
1907,
1920,
1933,
1946,
1959,
1971,
1984,
1997,
2010,
2023,
2036,
